304968743
305692543
305956515
306347404
303535973
306304982
305927385
306007029
305969829
306324127
306259824
305993437
306054829
306309421
105416876
304994749
305996029
306038411
305258876
306060129
306038405
304913789
306255461
306063227
306280077
306041940
306063267
306041741
306003215
306043624
306050597
305922053
306015544
306059710
306026840
306030014
306038428
306030042
305924431
306247141
306154648
306037305
305268858
306062687
306043583
306051961
306183800
306127622
306075644
306130908
306063220
306347458
306346625
306344796
306345461
306345563
306346191
306342444
306345720
306345032
306346246
306343535
306347171
306345206
306344900
306345717
306346448
306345123
306345589
306344251
306344550
306347010
306345521
306346174
306344619
306346427
306345913
306343769
306344545
306344588
306342317
306331176
306344565
306343108
306341986
306342204
306339298
306342299
306339263
306339346
306342227
306340561
306338022
306341226
306333619
306342269
306341712
306341642
306341519
306340194
306343346
306342819
306340260
306339493
306342185
306339937
306340630
306342298
306340064
306339299
306336274
306336066
306338364
306335631
306335632
306337512
306335306
306338674
306334031
306335407
306335801
306338013
306335600
306334261
306336262
306334366
306336304
306334049
306336814
306333762
306336821
306336438
306335993
306336984
306336736
306333936
306335450
306334517
306334570
306334117
306332698
306332719
306319554
306331371
306331967
306328187
306316394
306331784
306331281
306331668
306333349
306330974
306330857
306332413
306331517
306318928
306330559
306331137
306324591
306314691
306330147
306309735
306327070
306328959
306330444
306332214
306325306
306329748
306325803
306327784
306324902
306328763
306328316
306328939
306326245
306307229
306328545
306327711
306307377
306329453
306328057
306327518
306326856
306326307
306308271
306329348
306327062
306329106
306325536
306328656
306323045
306325013
306328155
306327955
306327322
306327970
306326960
306326259
306324353
306323980
306326615
306323583
306324810
306324995
306324974
306322185
306307001
306322027
306322086
306318885
306319353
306321140
306317121
306322568
306303762
306318144
306317854
306318669
306321576
306322818
306317076
306320814
306318238
306321764
306320122
306318688
306318656
306320565
306317550
306320012
306317273
306318134
306319951
306317208
306320732
306317161
306319165
306318858
306315246
306316160
306315422
306318760
306315109
306316437
306314258
306313353
306298053
306315488
306313569
306312800
306317985
306308998
306309348
306312442
306308865
306314669
306311711
306314266
306313219
306312981
306308034
306312000
306311940
306308142
306307572
306311769
306307504
306309777
306296744
306309110
306308180
306308093
306301051
306308376
306312680
306311117
306309753
306311260
306307033
306309873
306308738
306307776
306306511
306306547
306304080
306306814
306306803
306306776
306303511
306306126
306305771
306302258
306306465
306302467
306303153
306303753
306306624
306305337
306305083
306303873
306305705
306300327
306306006
306302228
306306562
306303644
306304210
306304169
306305605
306298819
306303842
306302684
306302716
306302691
306301097
306300767
306301053
306300095
306300596
306299554
306300082
306301055
306303164
306297281
306301787
306300890
306297808
306297087
306300205
306301555
306301079
306301283
306297298
306296912
306302023
306300606
306301129
306301709
306300924
306301694
306300831
306300516
306296445
306292619
306297755
306298070
306298143
306292361
306276449
306296047
306273578
306293818
306296177
306293884
306292500
306291603
306294244
306280067
306296599
306291522
306289916
306294757
306295199
306289475
306296286
306296251
306272964
306293201
306293742
306291450
306295546
306270873
306291894
306291520
306288907
306288610
306295779
306295080
306294040
306293980
306291470
306293819
306293599
306293589
306293517
306267353
306292626
306292353
306292832
306289600
306289968
306288308
306289043
306271268
306289738
306289091
306291207
306286951
306285612
306281055
306288867
306286013
306283291
306287234
306287082
306287268
306285151
306281291
306280053
306285468
306281767
306286563
306286479
306286217
306280647
306286417
306283093
306280861
306285718
306282520
306260715
306285004
306280925
306282796
306285181
306285567
306284175
306284170
306282936
306287088
306285006
306284944
306282612
306283365
306282016
306280131
306281768
306279784
306279426
306281427
306276873
306281503
306279603
306278169
306272981
306276541
306278304
306279730
306274543
306277818
306273144
306279978
306275178
306274981
306271920
306279265
306278136
306279860
306278916
306278153
306272036
306277566
306258342
306279724
306278151
306275496
306256588
306273452
306275115
306274487
306275518
306273847
306274925
306262337
306278147
306275992
306278009
306278965
306276954
306272969
306276361
306273884
306272687
306274453
306275962
306275076
306276226
306272838
306276002
306271658
306272029
306272348
306275332
306275357
306274098
306274106
306268645
306271376
306273286
306271046
306272483
306272338
306264607
306266121
306271171
306265749
306270949
306270305
306271387
306266035
306270482
306260083
306268068
306270088
306261754
306270160
306266176
306270692
306271076
306270620
306267220
306270661
306265245
306269295
306269893
306269097
306268677
306266422
306268433
306268776
306268704
306268003
306267762
306267283
306267085
306267146
306266890
306267007
306263181
306262949
306266940
306265020
306263161
306265887
306259724
306263954
306257693
306261263
306256401
306244743
306247368
306260228
306261460
306262614
306262461
306258520
306250997
306260461
306261823
306258430
306258785
306255905
306260156
306255119
306256185
306258257
306261168
306254835
306261176
306261858
306260217
306260167
306260268
306261032
306261043
306259690
306255713
306255277
306259092
306257773
306258184
306255740
306253715
306255608
306257514
306257358
306256113
306257333
306254078
306255796
306252650
306256287
306253142
306253333
