305422881
306066720
305610113
306042302
306145808
306071081
305422895
306348376
306348110
306334878
306347488
306344463
306346084
306339227
306337500
306339574
306345533
306335128
306345973
306332773
306336172
306344092
306345823
306343999
306343792
306345114
306342145
306340395
306341830
306341674
306334328
306329181
306336242
306337965
306338796
306321452
306319618
306333784
306317207
306318980
306332123
306331340
306332305
306319767
306317717
306330584
306326535
306330371
306329292
306330287
306324188
306310053
306304852
306329023
306326020
306318215
306322863
306303554
306303339
306322631
306319304
306318985
306319170
306302340
306313578
306312944
306313746
306308287
306318328
306317519
306314455
306313039
306313156
306294037
306291203
306311094
306310414
306310153
306310000
306308902
306308977
306306943
306308937
306308747
306307451
306304882
306306375
306289716
306307628
306304774
306305252
306302278
306299460
306283429
306302755
306281960
306294112
306301814
306297157
306279601
306299479
306296471
306298785
306294338
306291158
306295452
306289433
306285641
306294958
306276403
306270317
306295101
306294447
306293694
306293834
306291906
306288446
306291949
306293470
306288514
306271879
306268191
306289742
306287983
306268318
306283767
306286860
306287745
306280567
306285877
306286600
306285343
306286057
306286113
306284394
306284070
306284113
306283409
306283452
306280755
306280122
306278368
306280793
306278004
306282759
306276597
306275632
306276609
306278121
306275862
306274181
306272424
306272412
306272708
306270385
306271324
306268079
306268532
306268232
306268419
306265259
306268011
306247393
306265366
306245181
306266548
306266231
306256297
306263480
306260413
306259476
306260766
306256880
306256444
306256525
306256928
306260790
306260678
306260369
306260331
306254359
306258225
306259920
306259182
306258507
306239454
306237467
306253943
306238488
306237882
306241305
306252723
306245784
306249156
306235468
306243584
306251133
306242485
306251967
306237558
306229400
306250088
306247584
306250072
306231707
306229291
306228753
306249102
306248975
306249084
306248301
306247862
306249075
306246633
306247786
306223240
306245465
306218742
306246149
306245229
306243302
306241627
306219174
306242023
306241240
306239948
306239181
306238975
306239606
306234391
306236227
306214332
306212857
306237507
306234685
306235613
306222109
306211468
306234957
306231757
306215784
306231583
306229016
306233638
306227335
306206325
306231048
306229862
306227692
306225274
306226286
306225565
306223958
306227988
306219652
306198281
306226104
306206399
306223015
306223410
306224668
306220507
306223285
306217418
306219766
306221135
306221207
306217345
306202309
306213078
306214694
306215752
306216042
306212674
306201123
306213233
306213508
306213971
306194073
306212910
306211228
306210466
306210432
306210817
306208720
306210058
306209777
306209246
306208166
306204755
306208348
306204046
306207144
306205342
306206619
306188485
306204447
306202671
306202349
306202878
306182626
306188165
306201289
306197500
306197941
306198191
306197786
306181737
306181112
306201815
306188753
306179321
306175423
306197683
306171782
306179977
306174322
306165682
306170763
306175907
306169309
306192698
306191270
306180144
306190137
306189098
306192121
306188830
306162296
306160038
306158640
306185106
306185891
306187950
306185500
306183756
306156274
306185073
306185017
306184587
306180831
306177343
306154047
306151273
306180602
306178363
306178087
306178583
306176982
306178574
306174128
306156589
306170921
306164912
306171903
306143415
306171283
306143271
306160217
306171402
306169634
306141136
306168667
306170467
306169064
306166960
306167662
306168388
306166807
306167786
306164510
306164951
306166641
306166231
306165612
306145363
306161674
306164218
306161098
306161088
306136487
306157520
306160463
306159394
306158097
306149762
306141082
306151606
306144591
306148234
306150926
306142936
306150386
306149687
306148744
306149506
306148882
306148838
306147921
306147351
306147666
306143568
306145098
306145018
306141615
306142817
306135543
306137321
306141585
306139859
306140841
306138184
306138979
306138375
306135911
306134374
306136322
306136129
306134036
306134820
306135428
306133192
306134198
