105183447
303590276
305993439
105157492
306054444
305974493
306028327
105241637
305970963
305974499
305970827
305993756
305980972
305993737
305993751
105338621
105130550
105211615
306300405
301293790
301699967
105394467
306036119
105124355
306053527
306053820
306064642
105156282
306063079
306057290
306068565
306015644
306061252
105383297
306064341
304881400
306237275
306052979
305924490
306072208
306057927
306044677
306045075
306055065
305926758
306008476
306195947
306055535
306043456
306072000
306045093
306099027
305927672
305927629
306074718
305761751
305761890
305927666
306059037
306348895
306059414
306128294
306060796
306335215
306345953
306348591
306336731
306336343
306340384
306347909
306348102
306347879
306335240
306344871
306347615
306337212
306345351
306344976
306345177
306346155
306341306
306344564
306346188
306341348
306346328
306334415
306345462
306345796
306344089
306342699
306345183
306346119
306341497
306340041
306340428
306341719
306342498
306342391
306343424
306341897
306341587
306339393
306338876
306339087
306341796
306339618
306338805
306338979
306326319
306340489
306327818
306337780
306340985
306323250
306335825
306323432
306337496
306337605
306334131
306335005
306337540
306337784
306338591
306336291
306338053
306338566
306338072
306338029
306336604
306324779
306337058
306335809
306333805
306335197
306335988
306335919
306334844
306338070
306317704
306334678
306316410
306328875
306324117
306326329
306326378
306323803
306318958
306326624
306329839
306317553
306330658
306321214
306332741
306332298
306332897
306331761
306330705
306332130
306317531
306316476
306319858
306331885
306317874
306319990
306313714
306316496
306318882
306325516
306324584
306321425
306316748
306316719
306324332
306326430
306318479
306328992
306305759
306328274
306328546
306327698
306327684
306327682
306327694
306327555
306327539
306326766
306327041
306327367
306327171
306326703
306326490
306326205
306324933
306323625
306325708
306325240
306320951
306318141
306323037
306304718
306319265
306320617
306303439
306320976
306308507
306320298
306322789
306312027
306309598
306316738
306319748
306321058
306319781
306321495
306319585
306319350
306314390
306301326
306319569
306318551
306317585
306319033
306319131
306318925
306316143
306316735
306317569
306316040
306316344
306314953
306298420
306315279
306311906
306314010
306311780
306314151
306314241
306311578
306313360
306313019
306312661
306312270
306302342
306309200
306310540
306309934
306311070
306308634
306301885
306304918
306301864
306294504
306306780
306297310
306300260
306304174
306304626
306304557
306299614
306291047
306305782
306299099
306303398
306304830
306298935
306294599
306288390
306283132
306285986
306286507
306291318
306285847
306303120
306302806
306280629
306300598
306290828
306284030
306290478
306302276
306290924
306299561
306300014
306285699
306300030
306299770
306298117
306288666
306277200
306280354
306297890
306298022
306272929
306300246
306300293
306294455
306297245
306285726
306298691
306296952
306286768
306295303
306274276
306294141
306273313
306293003
306292800
306292578
306295734
306285689
306282192
306293483
306295350
306295071
306292882
306268707
306293727
306292865
306292259
306267712
306288275
306267659
306289608
306265382
306278113
306269672
306278225
306288074
306275967
306273061
306271683
306263982
306288073
306284879
306274217
306283970
306287516
306283346
306282376
306281107
306282268
306286437
306280363
306286276
306286893
306269833
306262646
306286827
306284025
306278005
306286578
306286633
306286607
306285992
306285817
306285830
306285808
306283213
306286490
306285799
306285363
306285582
306284525
306284557
306284987
306284501
306285078
306284486
306283676
306283636
306283748
306284206
306283540
306283427
306283478
306283274
306283287
306280712
306280214
306283225
306280228
306280880
306282621
306281161
306282595
306282560
306282346
306282325
306281606
306256364
306281771
306281554
306281608
306275534
306277013
306264046
306272340
306263488
306272329
306272341
306279779
306279351
306275036
306279650
306276615
306274592
306279091
306263046
306274292
306276463
306274631
306266734
306278825
306278450
306278266
306278893
306278653
306276539
306276390
306277286
306277259
306277275
306276294
306272427
306276292
306272081
306274573
306276161
306272806
306275956
306276151
306275950
306275949
306275735
306275900
306272079
306272933
306272495
306272871
306274738
306272990
306273060
306254042
306266717
306269270
306269388
306266409
306268398
306265452
306266347
306268026
306263404
306263350
306268384
306265361
306264866
306269769
306269862
306270168
306270308
306270130
306265198
306265473
306256433
306259436
306255132
306265097
306265392
306270129
306268420
306270056
306269657
306269172
306268260
306268899
306268087
306267879
306267829
306267501
306267415
306267495
306267343
306267282
306263676
306264368
306265182
306267260
306265855
306263548
306267200
306266925
306266649
306265422
306262890
306265517
306260761
306255856
306262014
306260582
306256993
306261378
306262178
306256864
306255517
306255242
306256709
306261329
306260356
306260189
306260959
306260964
306260280
306254648
306258519
306260066
306257464
306254647
306255340
306257271
306255167
306240785
306254651
306238768
306242010
306240843
306238280
306255874
306241079
306252680
306253448
306250719
306239825
306251865
306250990
306247302
306252361
306239889
306251487
306240997
306238811
306232760
306246109
306238169
306236003
306242394
306244279
306246870
306236706
306241638
306242497
306249833
306245519
306246706
306248544
306248216
306247965
306236069
306247725
306223481
306247330
306247114
306247889
306247053
306247023
306247081
306244600
306244119
306245984
306243882
306238835
306243999
306245561
306245566
306227773
306231103
306240713
306244975
306244346
306218097
306219677
306216944
306243553
306237513
306224701
306242917
306238126
306237567
