306329680
306309699
306309407
306347386
104445264
303492018
303442078
305927526
301706125
303536161
105595772
305983744
105338934
305971008
105338972
303352048
305965252
306035970
306304971
306061672
306061660
306043305
306038113
305921241
305923977
306027318
306035677
306166437
306061862
306072494
306035511
306166452
306062706
306072987
306050149
306050119
306035713
306035481
306050126
306049824
306075643
306138921
306197420
306066642
306107987
306073326
306056059
306172195
305841063
305838117
306061641
306061670
306062487
101061010
304907277
306062700
304908135
103637675
305539608
304907196
306347963
306348179
306347752
306347771
306347203
306345299
306338600
306346383
306345453
306346318
306346212
306346620
306340145
306344419
306344057
306345008
306344687
306342721
306344528
306345629
306334273
306337882
306338412
306345858
306347110
306345524
306345099
306343893
306345464
306340411
306345396
306343421
306346992
306346259
306346338
306344828
306343294
306344315
306346149
306336600
306333173
306333098
306344030
306338109
306345611
306345431
306337781
306338134
306342817
306341010
306335766
306340715
306342729
306340829
306339156
306331240
306341861
306340650
306340624
306340167
306342379
306342374
306341078
306340515
306339264
306342356
306342611
306342194
306335639
306339383
306333707
306341135
306341478
306338970
306338988
306340981
306342239
306339871
306341290
306339950
306336050
306339301
306334374
306334169
306337990
306326710
306333927
306329168
306328208
306338192
306337939
306338215
306337505
306337339
306335009
306338576
306323445
306334487
306334860
306337642
306335383
306334148
306337876
306335756
306334850
306335545
306335945
306328037
306337515
306334051
306338419
306336551
306332417
306334483
306333970
306336246
306323483
306335231
306337674
306330180
306333638
306337812
306334381
306337080
306333875
306336119
306336790
306336819
306336210
306336118
306333922
306334286
306334212
306333674
306335667
306317588
306333211
306332645
306332939
306331106
306333032
306330958
306330636
306332602
306331628
306333261
306332510
306333277
306330948
306331935
306315423
306330541
306314532
306332559
306331632
306320524
306324865
306332040
306330506
306332181
306327830
306332357
306328856
306326179
306332104
306325507
306326761
306329007
306325626
306325210
306311732
306326471
306308786
306329185
306329723
306324002
306314939
306326537
306328140
306323994
306325372
306326539
306326994
306327233
306329244
306326242
306328873
306329467
306328484
306328557
306307934
306328828
306327589
306328448
306326832
306326840
306327427
306326669
306326059
306326114
306325918
306323093
306322996
306324599
306323389
306325395
306324313
306322481
306307097
306318195
306325350
306317068
306321743
306321573
306321239
306323119
306318277
306316176
306322922
306319578
306316608
306315807
306320977
306321697
306321163
306319614
306317972
306322655
306317818
306322750
306316673
306315627
306315040
306320599
306316888
306322043
306317295
306322119
306322164
306319457
306319291
306319325
306317145
306321363
306315536
306319381
306307017
306319946
306319771
306311601
306317654
306315958
306319339
306319038
306319372
306319664
306318413
306317755
306318136
306318246
306317651
306314172
306315426
306315988
306317544
306317390
306315977
306315030
306313971
306316420
306314632
306315304
306313341
306312795
306313072
306312615
306302042
306302881
306314709
306312904
306312317
306308002
306307975
306312751
306314387
306309222
306311536
306308962
306311669
306312009
306307192
306312337
306298877
306307816
306307357
306312280
306310622
306312349
306309270
306311347
306310309
306300648
306310998
306307597
306311517
306310652
306310451
306310539
306309750
306309966
306309975
306310393
306309550
306309125
306308949
306309488
306307301
306308727
306306370
306294756
306304745
306305773
306304185
306306072
306304192
306301567
306306560
306288834
306303801
306304889
306292590
306289424
306302329
306302775
306304908
306301941
306306230
306303627
306299152
306305858
306302826
306304849
306306053
306302193
306303615
306306563
306303517
306304804
306303450
306306239
306305248
306303373
306302623
306295749
306304494
306287328
306287279
306301797
306305275
306301843
306304044
306303229
306301859
306282938
306301788
306286527
306299811
306301683
306287411
306301276
306288949
306302949
306301601
306287812
306302156
306298432
306302308
306280218
306299813
306298579
306297306
306301456
306300505
306300619
306295978
306298960
306297849
306283921
306297454
306299904
306299929
306297147
306301027
306301057
306301170
306296816
306297334
306301094
306280713
306299347
306279571
306298338
306300567
306300524
306300311
306299013
306275578
306281673
306275753
306298513
306297338
306298164
306296497
306297843
306294027
306272851
306288735
306281245
306297768
306296464
306272672
306293828
306295893
306296772
306290419
306289547
306292522
306289803
306296666
306296610
306291889
306295469
306296524
306289897
306293294
306295157
306295095
306289133
306289662
306289617
306291369
306291455
306295267
306291059
306291481
306290394
306290729
306296222
306291626
306290463
306292296
306290762
306290886
306295781
306293487
306271460
306272776
306295761
306295717
306293939
306293633
306293035
306289959
306293460
306292817
306292814
306292508
306292786
306292432
306289508
306292173
306291915
306290947
306291793
306291704
306288889
306291057
306289759
306289699
306290578
306291239
306290172
306289345
306282563
306287931
306281874
306289685
306290978
306287306
306285714
306287136
306284117
306286767
306282500
306262514
306287773
306285741
306281645
306283362
306282752
306287701
306263562
306280651
306280953
306286861
306282246
306286163
306286824
306286238
306286280
306286558
306280546
306261984
306283833
306286198
306280894
306285082
306261355
306286044
306282242
306287181
306283721
306284298
306281739
306280800
306280605
306284999
306280526
306281081
306283600
306281388
306281025
