306304969
306316580
105658348
306031048
304760587
305927397
305996311
306060382
305998797
306005353
306022983
306249205
306069563
306062638
306228501
306049697
306049678
306208629
306030136
306069545
306215781
306051970
306066096
306056912
306062631
101129801
306114076
306074774
306347817
306347151
306346624
306347465
306341851
306347282
306335346
306343697
306345877
306346159
306347347
306345036
306341143
306344678
306345658
306344886
306346576
306345244
306342563
306345107
306346472
306340964
306346607
306337075
306345465
306343659
306340404
306344280
306340682
306344988
306344642
306344039
306340872
306338140
306340015
306341218
306342522
306341075
306341156
306342453
306338766
306333888
306337853
306341993
306341494
306342321
306343058
306343286
306340795
306341212
306341769
306341910
306341608
306342020
306341964
306338947
306338257
306338124
306338228
306341117
306335453
306334868
306336948
306335583
306338641
306336805
306336240
306336949
306337284
306334988
306336220
306337057
306336992
306337122
306336473
306333578
306333640
306334530
306333876
306334528
306333975
306335405
306333710
306333017
306321632
306326427
306334181
306317514
306334812
306317317
306320037
306317277
306318387
306316654
306317675
306332673
306333383
306331707
306331687
306330700
306333387
306328948
306330865
306332505
306331265
306330776
306330669
306324913
306328011
306317458
306332441
306321245
306331014
306331634
306331994
306329903
306331354
306313420
306327220
306315127
306329826
306328045
306330820
306325373
306325305
306326358
306329859
306330431
306324384
306311881
306311964
306329208
306310845
306308280
306328720
306326497
306323903
306326270
306330184
306311319
306328306
306325260
306325354
306324528
306305533
306321987
306323290
306303326
306307103
306318640
306319651
306315383
306315932
306320236
306320517
306318391
306315198
306317002
306316528
306315845
306301689
306315577
306319175
306314894
306318220
306319121
306317713
306313110
306314444
306313648
306308413
306315841
306314745
306313530
306309580
306312775
306309467
306307369
306309063
306312736
306313639
306309039
306312402
306311063
306307636
306307958
306291255
306310976
306311852
306291244
306310930
306307960
306310429
306306990
306309354
306308795
306309036
306308665
306308544
306307458
306289628
306305132
306307429
306306601
306305555
306294905
306294345
306304385
306305687
306302533
306304292
306289185
306303368
306304816
306304487
306306225
306305775
306303282
306303400
306303688
306304927
306288435
306301789
306300467
306301441
306306564
306302475
306301643
306281230
306303035
306285422
306300536
306297480
306297972
306302138
306302950
306299876
306302295
306301698
306283255
306300343
306301738
306297524
306297237
306280628
306301506
306297483
306300572
306299403
306298962
306299334
306299235
306294908
306278034
306278550
306297876
306297911
306273763
306297027
306281407
306274451
306301710
306281581
306299362
306275343
306276762
306297826
306296458
306295972
306277512
306296571
306295896
306296598
306290460
306294657
306296424
306291125
306295738
306296375
306270446
306296227
306296194
306277100
306291458
306293022
306291150
306288885
306293809
306295531
306293523
306292978
306292903
306292413
306288618
306274882
306290602
306288520
306288306
306291593
306291211
306282922
306290300
306285706
306286711
306278927
306283923
306288091
306285507
306287885
306288317
306288075
306282315
306287981
306264765
306287506
306282160
306283723
306264131
306285672
306281264
306284027
306286833
306269316
306284765
306282826
306268476
306264893
306264551
306285660
306273110
306283624
306280480
306280442
306284662
306280584
306281134
306280611
306280662
306282765
306268109
306279416
306273386
306282058
306277956
306274929
306277762
306275011
306254202
306274130
306276616
306273537
306277896
306274674
306276235
306279328
306253232
306274694
306278821
306278002
306278728
306272280
306277338
306272706
306276865
306277316
306271821
306273909
306272516
306272114
306276192
306276102
306259141
306275868
306275758
306272276
306275465
306274099
306259551
306272132
306251523
306272610
306255161
306272208
306271918
306272320
306268758
306255509
306268179
306266807
306265333
306256746
306271329
306268255
306270306
306265489
306264192
306269819
306264011
306270560
306269192
306265214
306264552
306260429
306266007
306269431
306253774
306268271
306268259
306268245
306268010
306264356
306267045
306267595
306266785
306266635
306266414
306266499
306266393
306263105
306264290
306263823
306263235
306245774
306255169
306262043
306256416
306262560
306262002
306262242
306261992
306261810
306255747
306259422
306256291
306262388
306260958
306255412
306261582
306260808
306261069
306261418
306261012
306260778
306260681
306260284
306260316
306259755
306254163
306258894
306254551
306256652
306253710
306255003
306238572
306254858
306253981
306255225
306255276
306257386
306257370
306257294
306257376
306253656
306256661
306255329
306255291
306254051
306237439
306254411
306251570
306235752
306252345
306250770
306250991
306252740
306253409
306253202
306250222
306252666
306251666
306251164
306251668
306250111
306252098
306253056
306252146
306253055
306237732
306251293
306251145
306252773
306252870
306251799
306252705
306250057
306237919
306231775
306250059
306229781
306249713
306228468
306236553
306245370
306230358
306250539
306227183
306241902
306236838
306226807
306249140
306248609
306246519
306248039
306228377
306249077
306237167
306248409
306229876
306248459
306248040
306247682
306247381
306247225
306245228
306247066
306244545
306244784
306244966
306243729
306243801
306245994
306245293
306220225
306222910
306245235
306219945
306234020
306242990
306219386
306224017
306241159
306219062
306241515
306244153
306240471
306219931
306238477
306237477
306237550
306225539
306235895
306237041
306217842
306237025
306241202
306241952
306236391
306237360
306241917
306241646
306240136
306240864
306239660
306239807
306239620
306238585
306238563
306235595
306238908
306239030
