306101517
302949591
305956459
302468081
305968718
305998588
305983313
305993136
306053186
303478510
305998788
306053290
306041863
306038311
306043309
306043399
306014284
306264274
306016854
306068181
306243868
306035932
306030755
306029074
306053294
306049625
306044858
306066388
306043407
306048175
305836024
306154797
306063273
306075636
306075638
305977674
306337521
306345248
306347100
306346825
306345005
306347272
306344637
306343767
306347271
306345421
306345360
306346204
306345407
306342505
306347018
306344414
306343382
306345151
306343919
306342901
306340195
306343702
306341162
306341345
306340708
306343564
306341500
306339806
306342704
306341618
306339750
306340147
306342829
306342487
306340233
306342166
306339439
306342256
306341756
306339442
306328487
306339055
306341532
306341392
306327466
306328162
306334804
306327007
306335980
306323409
306338263
306334467
306328944
306338389
306334566
306335928
306338120
306335124
306337291
306335208
306335256
306335143
306334241
306334218
306336936
306337775
306338416
306337083
306335712
306336389
306337042
306336416
306335992
306333672
306333834
306333641
306333926
306334282
306334901
306333385
306333244
306332290
306326161
306319438
306314835
306331200
306332729
306331583
306333723
306331243
306331977
306330634
306330644
306323866
306329833
306327986
306327725
306326545
306328994
306329229
306325528
306324773
306328652
306329600
306324819
306328072
306329158
306326324
306328817
306325438
306327629
306328798
306327819
306328740
306326821
306327022
306327584
306327761
306327394
306323063
306322993
306326338
306323844
306326343
306322452
306322535
306321426
306325348
306323836
306303685
306322774
306316183
306321660
306319611
306316499
306315848
306320026
306320906
306318439
306320692
306315941
306322514
306322274
306316502
306301718
306319974
306318625
306318772
306317960
306317235
306317337
306317113
306317700
306314917
306316995
306304966
306298505
306314142
306312111
306310394
306309647
306311114
306313367
306314302
306313512
306311163
306312870
306313459
306307753
306314139
306309363
306297793
306307134
306308252
306309209
306312154
306313005
306312050
306311020
306311061
306310564
306309468
306306546
306306809
306306734
306307926
306309269
306307782
306304797
306305228
306305237
306304622
306305917
306304888
306305690
306306659
306305123
306305458
306306147
306305883
306303320
306305730
306305073
306306383
306303605
306305653
306304836
306287075
306301259
306304832
306305168
306304928
306302645
306302964
306298846
306299515
306303900
306301565
306299464
306302743
306298979
306302102
306301250
306301182
306303003
306298809
306302154
306284901
306287296
306302914
306297765
306301781
306300173
306299889
306297950
306299923
306299812
306302123
306301361
306300992
306300876
306302548
306300616
306299139
306301061
306299267
306300594
306297112
306298044
306295690
306297036
306282822
306275037
306290019
306289511
306296808
306279551
306296362
306291348
306295153
306293958
306281193
306279848
306279623
306287301
306288432
306288199
306289218
306292290
306293441
306288968
306288291
306270472
306291764
306292078
306288109
306291461
306288528
306287718
306268528
306291058
306287850
306287827
306284053
306283786
306286742
306276231
306287469
306281057
306286014
306286074
306284913
306281217
306281962
306286532
306282611
306282939
306283172
306281227
306282178
306285839
306280733
306285220
306280440
306280432
306280649
306283544
306284317
306280552
306284619
306283415
306259031
306279011
306263330
306259225
306279542
306279461
306256269
306254058
306273464
306279854
306278688
306279570
306274212
306274545
306274205
306279523
306279473
306274645
306279192
306278643
306276402
306278435
306278817
306278177
306276683
306277104
306276507
306276473
306271909
306275704
306273422
306272686
306275907
306251478
306271486
306271908
306272484
306273660
306273033
306271574
306250135
306266280
306271269
306264450
306270738
306268727
306265130
306260547
306270022
306270993
306270988
306270345
306265732
306270541
306270275
306269076
306269171
306270067
306268732
306268253
306266681
306268006
306267657
306264088
306265475
306265737
306264077
306256769
306262777
306259733
306256505
306255723
306256399
306259625
306261702
306260594
306259498
306258362
306261440
306258834
306262148
306259232
306248313
306255794
306260323
306260809
306260586
306259199
306254535
306258666
306259142
306242836
306258044
306253631
306253501
306257507
306257350
306254815
306254530
306252276
306256050
306254916
306254875
306251276
306253270
306251459
306251928
306252748
306253200
306250379
306250915
306252821
306235135
306250937
306251189
306250092
306246795
306250317
306250971
306251408
306249603
306235112
306247806
306245998
306246175
306240139
306244908
306249577
306230968
306229624
306248002
306239241
306248415
306246595
306248821
306248711
306248788
306243893
306246244
306246263
306246537
306244866
306244720
306246866
306229756
306243896
306235353
306245992
306229849
306246157
306245597
306244694
306232537
306243251
306244512
306242791
306244485
306228963
306243820
306242844
306238643
306241295
306243498
306226238
306243336
306241447
306241061
306242896
306243446
306243328
306242172
306236775
306237120
306243113
306238347
306234671
306238770
306242502
306240860
306241951
306241037
306240565
306240258
306239969
306239964
306239856
306240963
306238812
306239535
306237924
306239298
306239143
306235779
306236979
306237929
306222367
306215486
306228659
306227299
306232371
306230556
306229544
306232511
306234763
306228938
306233482
306230681
306228983
306227616
306233379
306217075
306227326
306206318
306233602
306205370
306216457
306233360
306232682
306232178
306232128
306232146
306232829
306231605
306231229
306230919
306230998
306231471
306227083
306227393
306230472
306230539
306230055
306200907
306200312
306227051
306228594
306229252
306199181
306226123
306198406
306225822
306227802
306201454
306200090
306199363
306233333
306224341
